1|INT01|2025-2026|2|1|1|50|0|2
N24DCCN02|0.000000|0
N24DCCN03|0.000000|0
2|INT01|2025-2026|2|2|5|50|0|2
N24DCCN04|7.000000|0
N24DCCN015|0.000000|0
3|INT02|2025-2026|2|1|5|50|0|1
N24DCCN016|0.000000|0
4|INT02|2025-2026|2|2|5|50|0|0
5|INT03|2025-2026|2|1|5|50|0|0
6|INT03|2025-2026|2|2|5|50|0|0
7|INT04|2025-2026|2|1|5|50|0|0
8|INT08|2025-2026|2|1|5|50|0|0
9|INT09|2025-2026|1|1|5|50|0|0
10|INT10|2025-2026|1|2|1|70|0|0
11|INT04|2024-2025|2|2|1|50|0|0
12|AIP13|2025-2026|2|1|50|60|0|0
13|CLD15|2025-2026|2|1|25|50|0|0
14|CLD15|2025-2026|2|2|25|50|0|0
15|INT09|2025-2026|2|1|5|90|0|0
16|INT07|2024-2025|2|1|5|50|0|0
